v11  0 0 0 0 0 1 0 0 0 0 0 0 0 0 0 0 
v12  0 0 0 0 0 0 0 1 0 0 0 0 0 0 0 0 
v13  0 0 0 0 0 0 0 0 0 0 0 0 0 0 1 0 
v14  0 0 0 0 1 0 0 0 0 0 0 0 0 0 0 0 
v21  0 0 0 1 0 0 0 0 0 0 0 0 0 0 0 0 
v22  1 0 0 0 0 0 0 0 0 0 0 0 0 0 0 0 
v23  0 0 0 0 0 0 0 0 0 0 1 0 0 0 0 0 
v24  0 1 0 0 0 0 0 0 0 0 0 0 0 0 0 0 
-v11 0 0 0 0 0 0 0 0 0 0 0 0 0 1 0 0 
-v12 0 0 0 0 0 0 0 0 0 0 0 0 0 0 0 1 
-v13 0 0 0 0 0 0 1 0 0 0 0 0 0 0 0 0 
-v14 0 0 0 0 0 0 0 0 0 0 0 0 1 0 0 0 
-v21 0 0 0 0 0 0 0 0 0 0 0 1 0 0 0 0 
-v22 0 0 0 0 0 0 0 0 1 0 0 0 0 0 0 0 
-v23 0 0 1 0 0 0 0 0 0 0 0 0 0 0 0 0 
-v24 0 0 0 0 0 0 0 0 0 1 0 0 0 0 0 0 
